2 3 3 3 4.406719247264253 1
2 1 3 0 4.634728988229636 5
6 2 3 0 4.927253685157205 2
5 1 1 0 4.04305126783455 4
18 7 3 7 5.384495062789089 2
31 40 12 1 6.697034247666484 1
2 3 1 0 4.30406509320417 2
0 0 0 4 3.367295829986474 5
5 2 0 0 4.7535901911063645 1
5 3 2 1 4.465908118654584 4
5 1 1 0 3.5553480614894135 5
2 1 0 2 4.997212273764115 4
1 1 0 0 3.4657359027997265 3
5 1 3 4 5.087596335232384 1
6 3 1 0 4.919980925828125 4
8 8 2 0 5.030437921392435 4
6 2 3 0 4.948759890378168 4
6 5 3 2 4.672828834461906 3
10 4 2 1 4.955827057601261 5
17 11 8 0 6.593044534142437 4
2 0 0 0 3.1354942159291497 4
1 0 0 0 3.4965075614664802 4
4 0 0 0 3.367295829986474 3
1 1 0 0 3.5263605246161616 4
0 5 2 0 4.330733340286331 1
0 4 1 0 4.07753744390572 1
7 0 1 0 4.2626798770413155 4
7 1 0 0 4.564348191467836 1
10 3 1 0 5.176149732573829 3
9 5 0 0 5.030437921392435 3
4 5 1 0 4.8283137373023015 4
3 0 0 0 3.258096538021482 5
2 1 0 0 3.367295829986474 5
3 0 0 0 4.127134385045092 5
1 0 0 0 3.4011973816621555 5
4 0 0 0 3.2188758248682006 3
1 1 0 0 3.58351893845611 4
2 0 3 1 4.68213122712422 3
4 0 0 0 3.9512437185814275 4
3 2 1 0 3.58351893845611 4
3 0 2 0 3.367295829986474 4
2 0 0 0 3.1354942159291497 4
4 2 0 0 3.6888794541139363 4
0 2 1 0 3.912023005428146 3
6 1 0 0 4.0943445622221 4
4 1 2 0 4.867534450455582 3
1 1 1 0 3.295836866004329 4
4 1 3 0 4.219507705176107 4
0 2 1 0 3.58351893845611 4
2 0 0 0 3.5263605246161616 4
6 1 0 0 4.48863636973214 5
4 2 3 0 4.663439094112067 3
3 3 0 1 3.6888794541139363 3
2 0 1 0 3.4657359027997265 1
7 4 3 0 5.337538079701318 4
4 7 2 7 5.075173815233827 1
4 10 3 0 5.556828061699537 5
10 4 4 1 5.459585514144159 4
3 3 0 0 4.060443010546419 1
4 0 2 0 3.6109179126442243 4
9 4 3 0 5.3471075307174685 4
1 2 0 0 3.6888794541139363 1
7 6 1 0 4.90527477843843 2
5 3 1 0 4.812184355372417 3
2 0 1 0 3.2188758248682006 2
10 2 2 0 5.056245805348308 3
4 0 0 0 3.5263605246161616 5
0 2 0 0 3.4657359027997265 1
3 3 1 0 4.110873864173311 4
15 5 4 2 5.598421958998375 3
2 4 2 0 4.867534450455582 1
6 6 4 0 5.351858133476067 4
1 1 2 0 3.2188758248682006 1
3 0 1 2 4.248495242049359 5
12 7 6 0 5.855071922202427 2
4 1 2 0 4.007333185232471 4
3 0 0 1 3.58351893845611 5
4 1 0 1 4.672828834461906 3
3 0 1 0 3.58351893845611 5
1 2 1 0 4.31748811353631 5
1 1 1 0 3.367295829986474 3
22 7 8 0 6.226536669287466 5
1 0 0 3 3.1780538303479458 5
7 6 0 2 5.159055299214529 1
7 1 4 0 4.844187086458591 3
5 3 2 0 4.430816798843313 3
3 1 0 0 4.189654742026425 4
4 1 0 0 3.367295829986474 4
3 2 0 0 3.6888794541139363 4
3 9 3 0 4.844187086458591 1
7 1 1 3 4.787491742782046 4
4 3 1 1 4.30406509320417 1
11 3 0 3 5.8971538676367405 3
0 1 1 0 3.367295829986474 1
3 2 0 1 4.5217885770490405 5
3 2 3 0 3.295836866004329 1
6 0 0 2 4.3694478524670215 5
20 12 2 1 5.648974238161206 4
5 1 1 0 4.77912349311153 5
11 12 3 0 5.950642552587727 2
0 0 0 0 4.060443010546419 1
3 1 1 0 3.1354942159291497 3
2 2 1 0 4.1588830833596715 1
6 9 1 0 5.153291594497779 3
10 5 7 0 5.8522024797744745 4
5 4 2 0 4.624972813284271 4
15 7 6 1 5.993961427306569 3
1 3 3 0 5.25227342804663 3
4 5 0 0 5.655991810819852 3
4 1 2 0 4.30406509320417 3
3 0 0 0 3.784189633918261 5
2 1 1 0 3.5263605246161616 3
0 2 0 1 3.4011973816621555 1
2 2 1 0 3.7612001156935624 2
3 1 0 0 3.4011973816621555 3
3 1 3 0 4.820281565605037 2
1 1 0 0 4.330733340286331 5
2 3 2 0 4.795790545596741 2
14 7 10 2 5.886104031450156 5
1 0 1 1 3.6109179126442243 1
1 0 0 0 2.5649493574615367 4
2 5 1 0 5.2832037287379885 4
1 1 2 1 4.3694478524670215 2
6 0 1 0 4.143134726391533 4
2 3 2 0 4.060443010546419 1
2 2 1 0 4.1588830833596715 5
6 2 4 0 4.672828834461906 1
3 1 0 0 3.4011973816621555 2
2 2 2 0 4.07753744390572 1
12 2 1 0 5.0689042022202315 5
2 0 1 1 4.127134385045092 5
4 2 1 6 4.143134726391533 5
1 0 3 0 3.2188758248682006 1
7 4 3 0 4.804021044733257 1
1 0 3 0 3.4339872044851463 3
3 3 3 0 4.564348191467836 3
4 1 1 0 3.784189633918261 4
7 1 1 0 4.976733742420574 3
0 0 0 0 3.1354942159291497 5
1 2 0 0 3.4339872044851463 5
3 7 4 0 4.812184355372417 2
1 1 0 0 2.4849066497880004 2
0 0 0 0 3.58351893845611 4
2 0 2 3 3.8918202981106265 4
2 0 0 1 3.1354942159291497 5
3 2 0 1 3.6375861597263857 5
1 3 1 0 3.2188758248682006 1
6 3 0 0 4.110873864173311 3
4 0 0 0 3.4657359027997265 3
1 0 1 0 3.1780538303479458 4
2 1 0 0 3.970291913552122 3
6 2 0 1 4.653960350157523 5
9 9 1 0 5.198497031265826 4
0 0 1 0 3.4011973816621555 2
4 0 0 0 3.7612001156935624 4
2 2 1 0 4.060443010546419 5
2 0 1 0 3.6109179126442243 3
3 0 0 0 3.2188758248682006 5
7 3 0 0 4.3694478524670215 5
3 0 1 0 4.382026634673881 3
3 1 2 0 4.330733340286331 4
12 0 1 1 4.859812404361672 5
1 1 0 0 3.9512437185814275 3
5 0 1 0 4.477336814478207 4
5 1 3 0 4.5217885770490405 1
19 6 8 0 5.877735781779639 2
10 7 2 0 5.484796933490655 1
4 1 1 0 4.48863636973214 5
6 0 1 0 3.258096538021482 5
12 2 3 0 5.648974238161206 5
0 1 1 0 3.7376696182833684 5
10 3 10 7 5.780743515792329 3
6 5 4 0 5.332718793265369 2
6 2 6 0 5.602118820879701 2
3 1 1 0 3.6109179126442243 5
4 1 1 0 3.1354942159291497 3
3 2 0 1 4.343805421853684 4
5 1 1 0 3.6109179126442243 4
6 8 1 0 5.375278407684165 4
6 4 3 0 5.220355825078324 3
3 0 1 0 3.8918202981106265 2
2 0 0 0 3.1354942159291497 3
3 0 0 0 3.7376696182833684 4
2 5 1 3 5.627621113690637 2
12 7 4 0 5.332718793265369 3
2 4 1 0 4.007333185232471 2
3 5 1 0 4.127134385045092 2
4 1 1 2 4.30406509320417 4
2 2 0 0 3.8501476017100584 2
4 6 4 1 5.375278407684165 4
7 8 6 1 5.5134287461649825 2
4 2 1 0 4.02535169073515 4
1 6 3 0 4.882801922586371 4
4 0 0 3 3.367295829986474 5
8 2 2 0 4.990432586778736 4
1 1 2 0 3.258096538021482 1
0 2 0 0 2.833213344056216 1
5 3 2 0 4.927253685157205 4
1 0 0 0 4.110873864173311 5
12 11 7 3 5.652489180268651 3
2 1 1 1 4.30406509320417 3
2 1 2 0 4.418840607796598 5
4 0 1 0 4.07753744390572 5
3 0 1 0 3.4339872044851463 4
4 3 1 0 4.532599493153256 1
3 2 0 0 3.4339872044851463 5
5 0 0 0 3.58351893845611 4
5 1 3 0 4.812184355372417 5
3 1 0 0 3.7612001156935624 5
1 1 1 0 3.58351893845611 2
2 2 0 0 4.343805421853684 4
0 0 2 0 3.6888794541139363 3
6 9 5 0 6.1092475827643655 5
6 10 2 3 5.389071729816501 1
4 3 3 0 4.356708826689592 3
6 0 0 0 3.8918202981106265 5
1 2 1 0 3.295836866004329 3
3 2 0 0 4.060443010546419 5
5 0 0 1 4.0943445622221 4
13 11 4 0 5.541263545158426 2
2 3 2 2 4.543294782270004 4
5 7 0 0 5.1647859739235145 4
4 0 0 0 3.2188758248682006 5
5 0 0 0 4.48863636973214 5
6 1 4 0 4.897839799950911 4
0 2 0 0 3.871201010907891 5
8 3 1 1 4.969813299576001 1
3 0 0 0 3.4011973816621555 5
1 2 2 0 4.02535169073515 3
2 6 0 0 4.007333185232471 4
3 0 0 0 3.6635616461296463 5
4 0 1 0 3.6635616461296463 2
3 2 1 0 4.189654742026425 2
5 3 0 0 4.290459441148391 5
5 2 0 0 4.912654885736052 5
14 14 5 0 5.988961416889864 2
3 3 3 0 4.219507705176107 5
3 4 2 0 5.0369526024136295 3
3 1 3 0 4.7535901911063645 1
2 1 1 0 3.4965075614664802 5
5 2 0 0 4.499809670330265 3
2 2 1 1 4.07753744390572 2
9 6 6 0 5.655991810819852 3
3 0 0 0 4.454347296253507 5
4 1 1 5 4.795790545596741 5
2 1 1 0 4.31748811353631 3
2 1 3 0 4.343805421853684 2
2 4 0 2 4.0943445622221 1
2 5 1 0 3.6635616461296463 4
12 7 3 0 5.5053315359323625 1
2 0 1 0 3.8501476017100584 4
2 0 2 0 3.6635616461296463 4
2 2 2 0 4.2626798770413155 2
2 0 0 0 3.8918202981106265 5
4 0 1 0 4.31748811353631 5
3 2 1 0 4.859812404361672 1
15 0 0 0 3.091042453358316 5
5 3 2 0 4.882801922586371 4
10 2 2 0 4.997212273764115 4
1 1 1 0 3.4965075614664802 4
9 11 3 0 5.442417710521793 1
2 0 0 0 3.4339872044851463 5
2 4 1 0 4.189654742026425 1
10 8 3 0 5.365976015021851 3
12 12 9 0 5.700443573390687 3
1 2 2 0 4.31748811353631 3
2 0 0 0 2.302585092994046 5
5 5 1 1 4.51085950651685 1
1 5 0 0 4.762173934797756 2
2 4 1 0 3.6109179126442243 2
2 0 1 0 3.1354942159291497 5
2 1 1 0 4.110873864173311 2
1 4 0 0 3.9512437185814275 1
6 3 0 0 4.110873864173311 5
6 0 0 0 3.4011973816621555 5
2 0 1 0 3.58351893845611 3
1 3 2 0 3.9318256327243257 3
1 2 1 0 3.9318256327243257 1
8 1 1 1 4.867534450455582 5
2 0 1 0 4.2626798770413155 4
4 1 0 0 3.871201010907891 5
1 0 0 0 3.6635616461296463 3
12 2 0 0 4.59511985013459 5
5 3 3 0 4.969813299576001 1
0 0 0 0 3.258096538021482 3
4 6 1 0 4.897839799950911 5
0 0 2 0 3.2188758248682006 1
0 2 2 0 3.9889840465642745 2
4 3 0 0 4.343805421853684 5
1 7 1 1 4.532599493153256 4
15 4 3 0 5.2574953720277815 2
8 2 1 0 4.7535901911063645 4
12 15 4 1 6.2878585601617845 2
6 6 5 0 5.459585514144159 2
1 3 2 0 3.6109179126442243 2
2 0 0 0 3.4657359027997265 5
3 2 3 0 4.882801922586371 3
3 0 2 0 4.07753744390572 3
3 1 2 0 3.6109179126442243 2
8 3 4 0 5.493061443340548 5
6 5 4 0 5.318119993844216 4
9 2 1 0 5.552959584921617 1
2 1 2 0 4.543294782270004 5
10 3 2 0 5.135798437050262 3
7 3 4 0 4.990432586778736 4
4 2 0 0 4.812184355372417 5
1 4 1 0 3.4965075614664802 2
5 1 3 0 4.867534450455582 5
1 1 1 0 3.4657359027997265 2
2 0 1 0 3.258096538021482 1
3 3 1 0 4.174387269895637 4
1 0 0 0 3.6888794541139363 5
4 3 1 1 4.605170185988092 2
6 5 2 1 5.0369526024136295 1
5 2 2 0 4.812184355372417 4
4 1 3 0 4.804021044733257 2
2 3 1 0 3.970291913552122 1
5 0 1 0 3.8066624897703196 5
6 0 3 0 4.859812404361672 2
0 1 0 0 3.4965075614664802 2
28 51 25 1 6.813444599510896 1
3 0 0 0 3.4965075614664802 4
8 3 1 0 4.941642422609304 4
5 1 1 0 4.0943445622221 2
0 3 0 0 3.367295829986474 1
1 1 1 0 3.6635616461296463 2
1 2 2 0 4.68213122712422 2
3 4 1 0 4.356708826689592 2
8 1 3 6 5.147494476813453 4
2 1 0 0 3.4011973816621555 5
5 3 1 0 4.700480365792417 3
5 5 2 0 4.700480365792417 1
13 2 5 0 5.71042701737487 4
5 3 0 0 4.382026634673881 3
20 5 12 0 6.161207321695077 2
2 2 1 0 4.04305126783455 4
4 0 0 0 4.30406509320417 5
3 1 2 0 3.258096538021482 3
22 11 10 1 6.035481432524756 3
11 5 3 0 5.7430031878094825 5
2 1 2 0 3.9512437185814275 3
11 4 4 0 5.030437921392435 5
4 3 2 0 4.394449154672439 3
6 0 1 0 3.912023005428146 2
1 3 1 0 3.970291913552122 3
3 2 1 1 4.143134726391533 4
2 3 1 1 5.003946305945459 1
12 5 2 0 5.402677381872279 5
23 14 7 4 6.304448802421981 4
3 0 0 0 3.1354942159291497 3
9 1 3 0 5.123963979403259 3
1 5 0 0 3.4965075614664802 5
24 16 11 5 6.569481420414296 1
4 0 0 1 3.258096538021482 5
2 4 2 0 4.5217885770490405 2
6 9 8 0 6.0063531596017325 2
12 4 4 0 5.44673737166631 4
20 7 3 1 6.26530121273771 5
3 0 0 0 3.367295829986474 5
4 0 0 0 3.332204510175204 5
11 3 2 0 4.912654885736052 3
1 0 0 0 3.1354942159291497 5
3 1 0 0 4.382026634673881 5
3 6 3 0 5.318119993844216 1
8 7 0 0 4.770684624465665 2
3 0 2 0 4.343805421853684 1
22 6 3 0 5.8916442118257715 3
7 4 2 0 5.0106352940962555 4
3 1 2 0 4.727387818712341 1
5 2 0 0 4.653960350157523 5
14 10 5 2 5.976350909297934 4
4 0 0 0 4.499809670330265 3
13 5 8 0 5.459585514144159 4
4 0 0 0 4.23410650459726 5
2 2 2 0 4.418840607796598 4
9 2 0 0 4.897839799950911 5
2 2 2 0 4.31748811353631 2
3 0 0 0 3.332204510175204 5
7 1 2 0 5.225746673713202 3
8 1 1 0 4.867534450455582 2
19 9 12 0 5.971261839790462 2
4 0 0 0 3.1780538303479458 5
0 1 0 0 2.4849066497880004 5
0 3 0 1 3.4657359027997265 1
3 3 2 3 4.882801922586371 5
4 2 2 0 4.1588830833596715 2
9 9 2 0 5.438079308923196 2
2 1 0 0 3.367295829986474 5
3 2 2 0 4.189654742026425 1
0 1 1 0 3.4965075614664802 3
2 0 1 2 3.7376696182833684 4
7 3 1 0 4.143134726391533 5
1 3 0 0 3.1354942159291497 2
3 0 0 0 3.4965075614664802 5
1 2 0 0 4.418840607796598 1
8 3 1 0 4.927253685157205 2
2 5 4 0 5.117993812416755 2
6 3 4 0 5.19295685089021 5
0 0 0 0 3.6635616461296463 4
1 0 5 0 4.605170185988092 3
3 0 0 0 3.5263605246161616 3
4 2 1 0 4.48863636973214 1
3 3 2 0 3.9318256327243257 2
3 2 1 0 3.8501476017100584 3
1 1 1 0 4.219507705176107 5
1 4 2 0 3.9889840465642745 1
2 3 2 0 3.6109179126442243 1
2 2 3 2 5.262690188904886 3
8 0 0 2 4.330733340286331 5
4 0 0 0 3.4339872044851463 4
10 4 6 0 5.752572638825633 3
8 4 3 0 4.836281906951478 3
2 1 1 0 3.258096538021482 5
5 2 2 0 4.6443908991413725 3
4 0 1 0 3.912023005428146 5
1 4 1 0 3.828641396489095 1
8 2 1 1 5.0238805208462765 2
6 2 3 0 4.787491742782046 5
2 1 1 0 3.2188758248682006 2
3 1 1 0 3.1780538303479458 3
2 7 0 0 4.74493212836325 1
4 7 2 5 5.049856007249537 5
6 0 1 0 3.6888794541139363 5
8 5 4 0 4.8283137373023015 5
4 0 1 0 3.9512437185814275 3
1 1 0 1 3.4339872044851463 4
17 7 4 0 5.652489180268651 3
4 3 0 0 4.624972813284271 5
5 0 0 0 3.4339872044851463 4
2 1 2 0 3.6375861597263857 2
8 6 3 0 5.929589143389895 3
3 2 1 0 4.2626798770413155 2
4 1 0 1 4.1588830833596715 5
3 4 1 0 4.61512051684126 2
2 2 3 0 4.663439094112067 3
4 0 0 0 3.7612001156935624 1
2 2 2 0 4.174387269895637 2
1 1 0 0 3.1780538303479458 5
2 1 0 0 4.382026634673881 3
1 1 1 0 4.343805421853684 2
6 0 0 1 3.970291913552122 4
17 5 6 0 5.814130531825066 3
4 4 0 0 3.784189633918261 5
1 1 4 0 4.795790545596741 4
5 1 0 1 3.912023005428146 5
1 2 4 0 5.3706380281276624 3
2 0 0 0 3.367295829986474 4
3 1 0 1 3.6109179126442243 5
6 2 2 2 4.418840607796598 4
2 2 2 0 4.007333185232471 3
1 0 2 0 3.4011973816621555 3
4 1 0 0 3.7376696182833684 4
15 9 7 0 5.883322388488279 3
2 1 5 0 4.836281906951478 2
3 3 2 0 4.0943445622221 4
10 4 3 0 5.707110264748875 2
4 4 1 1 4.174387269895637 4
0 0 0 0 2.0794415416798357 2
7 1 1 0 5.10594547390058 5
5 3 3 0 5.093750200806762 3
6 0 2 0 4.543294782270004 3
2 2 2 0 4.382026634673881 1
13 10 0 0 6.340359303727752 5
8 2 3 0 5.062595033026967 5
1 1 0 0 3.1780538303479458 2
3 6 2 0 4.919980925828125 4
7 1 2 0 4.624972813284271 1
19 10 3 0 6.030685260261263 5
6 1 2 1 4.6443908991413725 2
6 1 1 0 4.330733340286331 4
95 55 30 0 7.61972421378267 3
0 1 1 0 4.90527477843843 5
10 6 7 0 5.488937726156687 2
1 2 0 0 3.784189633918261 4
0 0 1 0 3.258096538021482 1
1 0 2 0 3.4965075614664802 1
4 1 0 0 4.406719247264253 5
1 2 0 0 3.367295829986474 1
4 0 0 0 3.258096538021482 4
3 0 1 0 3.4339872044851463 5
3 7 1 3 4.919980925828125 1
3 3 1 1 4.875197323201151 3
3 0 0 0 3.044522437723423 3
4 0 0 0 4.276666119016055 3
0 2 0 0 4.51085950651685 5
2 1 0 1 4.219507705176107 1
3 6 0 0 4.718498871295094 5
2 3 0 0 4.343805421853684 2
3 1 2 0 4.248495242049359 2
2 1 0 0 3.258096538021482 3
6 5 1 0 4.653960350157523 3
1 3 1 0 3.1354942159291497 4
9 2 1 1 5.087596335232384 1
1 0 0 0 3.5553480614894135 5
9 2 5 0 5.910796644040527 4
5 3 3 0 4.890349128221754 2
3 1 1 0 3.9318256327243257 2
0 2 0 0 3.713572066704308 1
4 3 0 3 4.189654742026425 1
1 5 1 0 4.394449154672439 1
0 3 0 0 3.9889840465642745 1
4 2 1 0 4.709530201312334 4
5 1 1 0 4.1588830833596715 5
2 1 0 0 3.912023005428146 5
44 19 16 0 6.9167150203536085 3
0 3 0 0 4.477336814478207 2
2 4 2 0 4.736198448394496 1
3 0 3 0 3.4011973816621555 2
11 10 5 0 5.631211781821365 5
3 0 1 0 4.143134726391533 3
9 2 2 0 5.1298987149230735 4
4 3 1 0 4.61512051684126 4
1 1 0 0 4.23410650459726 3
1 1 0 0 4.248495242049359 4
6 5 4 0 4.709530201312334 3
1 2 2 0 4.2626798770413155 5
3 5 2 0 4.394449154672439 3
2 1 1 0 3.5263605246161616 3
2 0 1 0 3.6888794541139363 5
10 2 3 0 5.062595033026967 4
3 4 4 0 3.9889840465642745 5
3 0 0 0 3.5553480614894135 3
9 3 1 1 5.093750200806762 4
2 1 0 0 3.828641396489095 3
0 0 2 0 4.143134726391533 3
4 0 0 0 3.4339872044851463 4
2 3 0 0 4.48863636973214 2
4 5 5 0 5.209486152841421 4
5 1 1 3 4.204692619390966 4
20 23 8 0 6.70073110954781 4
1 1 3 0 3.58351893845611 1
3 1 2 0 3.4011973816621555 5
1 0 0 0 3.332204510175204 4
4 5 3 0 5.455321115357702 1
3 0 2 0 3.4657359027997265 4
2 1 0 0 4.0943445622221 2
3 2 1 0 4.204692619390966 4
2 1 1 0 4.07753744390572 5
8 2 2 0 4.465908118654584 2
5 1 3 0 4.1588830833596715 4
3 0 0 0 4.3694478524670215 4
3 0 0 0 3.091042453358316 4
4 1 2 0 4.564348191467836 2
3 1 1 0 3.332204510175204 5
4 9 3 0 4.948759890378168 2
6 0 0 3 3.1780538303479458 5
1 0 0 0 3.4339872044851463 5
3 1 2 0 3.9318256327243257 2
5 0 0 0 3.6375861597263857 5
3 0 0 0 3.9512437185814275 5
5 4 4 4 5.176149732573829 5
3 2 1 0 4.330733340286331 5
2 0 0 0 3.6109179126442243 5
2 0 1 5 4.1588830833596715 1
6 0 0 1 4.127134385045092 4
2 0 1 0 3.295836866004329 1
6 1 0 0 3.6888794541139363 5
5 0 2 0 4.6443908991413725 4
5 1 0 0 4.31748811353631 3
2 2 3 0 4.9344739331306915 3
2 0 3 0 4.007333185232471 1
2 1 0 0 3.871201010907891 4
0 0 0 0 3.1354942159291497 5
4 0 0 1 3.4011973816621555 5
1 0 3 0 4.727387818712341 5
0 2 0 0 3.332204510175204 4
7 3 4 0 5.159055299214529 5
0 1 2 1 3.9318256327243257 5
1 2 0 0 3.912023005428146 1
11 4 2 0 5.332718793265369 5
4 2 1 1 3.4011973816621555 5
21 12 5 0 6.144185634125646 3
2 1 0 0 3.332204510175204 4
8 4 3 0 4.6913478822291435 4
14 10 4 3 5.631211781821365 4
1 0 0 0 3.9512437185814275 2
2 1 0 0 3.367295829986474 5
1 2 1 0 3.5553480614894135 1
1 3 0 0 3.9512437185814275 2
10 7 3 0 5.918893854273146 4
9 3 1 0 5.117993812416755 2
38 23 17 0 7.023758954738443 2
4 1 0 0 3.4657359027997265 4
1 4 1 0 4.430816798843313 1
2 0 0 0 3.7612001156935624 4
1 0 0 1 2.995732273553991 5
6 2 1 0 5.0689042022202315 4
5 3 0 0 3.912023005428146 4
4 2 1 0 3.9889840465642745 5
4 1 4 0 4.564348191467836 3
0 1 3 0 3.8501476017100584 2
4 4 3 0 4.919980925828125 2
0 0 0 0 3.5263605246161616 4
2 4 1 0 4.442651256490317 2
8 4 0 1 4.820281565605037 4
4 4 1 0 3.9318256327243257 3
11 9 1 0 5.147494476813453 2
1 0 0 0 4.143134726391533 5
6 0 3 0 4.5217885770490405 1
3 1 0 0 3.332204510175204 5
3 1 1 0 4.276666119016055 4
6 1 0 0 4.04305126783455 5
1 1 0 0 5.0689042022202315 5
4 2 3 0 5.0369526024136295 1
11 4 1 0 5.10594547390058 5
3 1 1 2 3.713572066704308 5
11 1 2 0 4.110873864173311 4
1 1 2 0 4.3694478524670215 3
4 2 5 0 5.560681631015528 2
2 2 2 0 3.784189633918261 1
3 1 2 0 4.406719247264253 5
7 1 1 0 4.867534450455582 5
8 4 2 0 5.484796933490655 4
4 3 4 0 4.6913478822291435 2
11 8 8 3 6.230481447578482 2
1 2 1 0 4.543294782270004 2
7 7 3 0 5.384495062789089 3
5 3 0 1 4.290459441148391 2
4 3 1 0 4.969813299576001 4
3 1 1 0 3.258096538021482 3
1 3 0 0 3.58351893845611 1
10 5 2 2 5.961005339623274 1
4 1 0 0 4.430816798843313 1
16 6 6 0 5.963579343618446 2
2 0 0 0 3.4657359027997265 4
4 0 1 1 4.532599493153256 5
9 1 4 1 4.804021044733257 3
3 2 2 0 4.382026634673881 1
5 8 2 0 5.278114659230517 5
0 1 0 0 3.4339872044851463 2
11 11 6 0 5.765191102784844 4
4 1 2 0 3.9318256327243257 2
4 2 0 0 5.003946305945459 5
9 3 0 0 4.8283137373023015 3
0 2 1 0 4.356708826689592 1
4 5 4 1 5.318119993844216 1
2 0 0 0 2.8903717578961645 3
1 0 0 0 3.091042453358316 5
4 3 1 0 4.02535169073515 2
3 1 1 0 4.31748811353631 3
4 0 1 0 3.4011973816621555 1
0 2 0 0 3.4965075614664802 1
2 0 0 1 3.1780538303479458 5
2 2 0 0 3.6888794541139363 5
3 3 0 3 4.0943445622221 5
5 2 3 0 4.564348191467836 1
5 0 1 0 3.6109179126442243 3
7 2 4 0 5.424950017481403 5
9 10 1 6 5.7745515455444085 1
0 1 0 0 3.6635616461296463 1
3 0 0 0 4.04305126783455 2
5 11 1 0 5.313205979041787 1
5 0 0 0 4.59511985013459 5
1 2 1 0 4.394449154672439 1
4 0 2 0 4.653960350157523 4
0 0 1 0 3.1780538303479458 3
4 1 0 5 3.295836866004329 4
7 5 6 0 4.990432586778736 1
14 3 0 0 5.081404364984463 5
6 7 5 0 4.955827057601261 1
2 2 0 0 3.1780538303479458 5
3 2 1 0 4.1588830833596715 5
3 6 0 0 4.919980925828125 4
2 1 0 0 3.8066624897703196 5
4 1 1 0 4.330733340286331 2
6 0 0 2 3.4339872044851463 5
3 0 3 0 4.110873864173311 3
7 0 2 0 4.007333185232471 3
1 6 0 0 4.248495242049359 2
17 1 0 0 5.575949103146316 5
4 5 4 1 5.0689042022202315 1
6 2 0 0 4.762173934797756 5
6 3 3 0 5.3230099791384085 4
4 0 0 0 3.2188758248682006 5
37 15 6 0 6.590301048196686 4
5 1 1 0 4.204692619390966 2
3 2 0 0 4.330733340286331 1
4 1 0 0 3.8501476017100584 3
4 5 1 0 4.804021044733257 2
10 2 1 0 5.081404364984463 2
4 1 0 6 4.143134726391533 5
6 0 1 0 3.5263605246161616 4
10 7 3 1 5.402677381872279 5
5 4 2 0 4.51085950651685 4
4 2 2 0 4.770684624465665 4
2 0 1 0 3.367295829986474 3
5 0 0 0 3.8066624897703196 3
3 5 4 0 5.697093486505405 2
3 0 0 0 3.4011973816621555 3
0 1 0 0 2.4849066497880004 3
5 5 1 1 4.897839799950911 1
0 2 1 0 3.828641396489095 2
3 0 4 0 4.795790545596741 2
1 2 1 2 4.6913478822291435 3
1 1 1 0 3.295836866004329 2
3 2 0 0 4.919980925828125 2
0 2 1 0 4.454347296253507 1
12 8 1 0 5.308267697401205 5
5 3 1 5 4.0943445622221 5
6 2 5 0 5.342334251964811 2
5 2 0 0 4.276666119016055 1
15 3 13 0 5.986452005284438 3
2 0 1 0 3.6888794541139363 3
3 0 0 0 3.828641396489095 4
3 2 1 0 4.07753744390572 4
5 1 0 0 3.828641396489095 5
6 2 1 3 4.382026634673881 5
4 5 1 0 4.189654742026425 5
5 0 0 1 4.418840607796598 5
2 0 1 0 3.8918202981106265 3
3 0 0 6 4.04305126783455 5
3 1 0 0 3.295836866004329 5
4 2 0 0 4.912654885736052 5
8 1 0 0 4.718498871295094 3
2 4 2 0 3.9512437185814275 1
9 3 6 1 5.241747015059643 3
1 1 1 0 3.295836866004329 2
5 1 3 0 4.787491742782046 2
4 1 2 1 4.48863636973214 4
7 1 0 0 4.343805421853684 2
4 0 0 0 3.8066624897703196 3
4 0 0 0 3.9889840465642745 5
9 1 4 0 4.709530201312334 1
9 1 1 2 4.143134726391533 5
1 2 1 1 4.189654742026425 2
2 0 0 0 3.4011973816621555 5
11 0 2 0 4.976733742420574 4
3 4 1 0 4.343805421853684 1
6 6 5 0 5.476463551931511 3
2 4 0 0 3.9512437185814275 2
4 3 1 0 5.214935757608986 3
12 0 3 0 5.093750200806762 5
3 0 1 0 4.07753744390572 2
7 1 1 0 4.564348191467836 4
3 2 2 0 4.060443010546419 1
3 0 0 0 3.258096538021482 4
2 2 1 0 3.970291913552122 2
3 3 1 0 4.007333185232471 3
4 4 2 0 5.117993812416755 3
3 7 1 0 4.762173934797756 1
7 4 2 1 4.955827057601261 5
2 1 0 0 3.258096538021482 5
2 5 1 1 4.543294782270004 1
4 3 0 0 4.343805421853684 2
3 2 0 1 4.532599493153256 1
9 0 0 0 4.2626798770413155 4
4 7 3 0 4.836281906951478 1
2 0 0 0 3.367295829986474 5
9 11 6 0 5.820082930352362 3
15 3 2 1 5.2574953720277815 3
2 3 1 0 4.0943445622221 1
3 1 0 0 3.4339872044851463 4
8 2 3 0 4.787491742782046 5
3 0 0 0 3.258096538021482 5
5 3 1 0 4.1588830833596715 3
3 0 2 0 3.1780538303479458 3
6 1 0 0 4.770684624465665 5
6 0 1 0 4.110873864173311 5
4 4 2 0 4.77912349311153 1
3 0 0 0 3.2188758248682006 4
1 9 0 0 4.804021044733257 2
1 0 2 0 3.6635616461296463 4
9 2 1 0 5.545177444479562 5
6 1 2 0 4.406719247264253 3
3 3 2 0 5.209486152841421 2
2 0 1 0 3.258096538021482 5
8 2 0 1 4.762173934797756 5
5 2 2 0 4.110873864173311 4
2 2 0 0 3.1780538303479458 3
5 0 2 0 4.143134726391533 4
2 0 0 4 3.332204510175204 5
3 6 2 0 5.407171771460119 3
3 0 0 0 1.791759469228055 5
7 4 3 0 4.382026634673881 5
2 4 0 0 3.7376696182833684 3
0 0 1 0 3.2188758248682006 2
2 2 1 0 4.672828834461906 3
2 0 0 0 2.995732273553991 2
8 3 0 0 5.030437921392435 5
2 1 1 0 3.58351893845611 3
6 2 2 0 4.624972813284271 2
8 4 3 0 4.812184355372417 3
3 0 2 0 4.406719247264253 2
5 2 1 0 3.4657359027997265 2
4 1 1 0 4.77912349311153 2
1 1 0 0 3.258096538021482 4
10 3 1 0 4.709530201312334 4
2 1 0 0 3.58351893845611 3
5 0 0 0 4.770684624465665 2
2 1 0 1 3.8501476017100584 5
2 1 2 0 5.0689042022202315 4
6 1 2 0 4.276666119016055 5
5 2 3 0 4.430816798843313 5
8 4 5 0 5.41610040220442 4
2 3 0 0 3.6635616461296463 2
2 1 0 0 3.258096538021482 5
9 2 1 1 4.867534450455582 4
16 4 4 0 5.075173815233827 3
5 1 2 0 3.9512437185814275 3
9 2 1 0 4.804021044733257 4
5 0 2 0 4.418840607796598 2
2 1 0 0 3.295836866004329 3
4 3 0 0 5.017279836814924 2
2 0 0 0 3.332204510175204 3
6 0 1 0 5.1298987149230735 3
5 4 2 0 4.499809670330265 4
1 1 2 0 4.127134385045092 3
2 1 1 0 4.418840607796598 3
6 5 2 1 4.962844630259907 1
5 1 3 0 5.135798437050262 5
6 1 3 0 4.663439094112067 4
3 0 0 0 3.044522437723423 4
1 0 1 0 4.007333185232471 2
5 1 2 1 4.174387269895637 2
1 1 0 0 3.8501476017100584 2
4 5 4 0 5.099866427824199 1
0 0 1 0 3.2188758248682006 3
2 0 0 0 3.367295829986474 5
25 6 2 1 5.8916442118257715 5
3 1 1 0 3.6109179126442243 2
2 2 0 0 3.1780538303479458 3
5 6 2 0 4.532599493153256 3
4 0 0 0 3.1780538303479458 4
10 5 4 0 5.631211781821365 3
2 0 0 0 3.9512437185814275 4
2 2 1 3 3.9318256327243257 1
2 2 0 0 3.6109179126442243 4
10 2 1 0 4.8283137373023015 4
8 9 4 0 5.170483995038151 4
14 3 4 0 5.484796933490655 4
1 3 0 0 3.784189633918261 2
13 4 3 2 5.484796933490655 1
4 0 0 0 3.5263605246161616 5
20 10 6 8 5.58724865840025 3
4 0 1 0 4.276666119016055 5
5 2 0 1 4.2626798770413155 2
4 2 4 1 5.017279836814924 1
6 4 1 0 4.762173934797756 4
45 14 17 0 7.334981878871814 4
4 0 1 0 4.663439094112067 4
3 2 1 0 4.02535169073515 2
3 0 3 1 4.07753744390572 1
4 1 1 0 4.430816798843313 3
2 0 0 1 4.1588830833596715 5
1 3 2 0 3.6109179126442243 3
17 7 7 0 6.025865973825314 3
2 2 0 0 3.8066624897703196 5
6 1 0 0 5.049856007249537 5
5 4 4 1 5.916202062607435 5
1 1 3 0 3.9889840465642745 5
5 0 0 0 3.332204510175204 3
2 1 2 0 4.2626798770413155 2
4 2 2 2 4.532599493153256 2
9 2 3 0 5.093750200806762 4
2 2 0 1 3.5553480614894135 5
11 11 3 0 5.552959584921617 5
2 2 0 2 3.828641396489095 1
3 3 2 0 5.220355825078324 4
4 1 1 0 5.384495062789089 3
5 1 2 0 4.418840607796598 5
35 6 9 0 6.180016653652572 3
12 5 5 1 5.572154032177765 2
2 2 0 0 3.367295829986474 3
4 0 1 0 4.653960350157523 3
1 1 0 1 3.4011973816621555 5
10 5 2 1 5.262690188904886 3
8 11 1 0 5.560681631015528 1
8 0 1 0 4.406719247264253 5
0 0 2 2 3.258096538021482 1
2 3 4 0 4.882801922586371 5
3 1 0 0 4.532599493153256 5
4 4 1 0 4.770684624465665 2
3 0 0 0 3.1780538303479458 4
1 0 0 0 3.091042453358316 5
13 9 6 1 5.84354441703136 3
6 2 4 0 4.59511985013459 3
1 3 1 0 4.477336814478207 5
6 2 0 5 5.214935757608986 2
1 3 0 0 3.1780538303479458 3
20 3 6 8 6.364750756851911 3
3 0 0 0 1.6094379124341003 4
2 0 0 0 3.6375861597263857 3
5 0 0 0 3.4965075614664802 4
2 1 2 0 4.3694478524670215 2
0 1 1 0 3.4339872044851463 2
11 7 3 0 5.579729825986222 1
5 3 0 0 4.882801922586371 2
4 3 0 1 4.02535169073515 5
11 5 4 0 5.971261839790462 4
2 3 2 0 3.784189633918261 5
0 4 0 0 4.382026634673881 5
0 5 1 0 4.189654742026425 1
7 8 3 0 5.342334251964811 4
1 1 1 0 3.5263605246161616 3
3 4 3 9 4.836281906951478 2
3 7 2 0 5.393627546352362 2
3 0 2 0 4.127134385045092 5
1 0 0 0 3.58351893845611 4
12 0 1 0 4.532599493153256 5
4 2 1 0 3.6109179126442243 2
4 1 0 0 3.7612001156935624 3
2 2 0 1 3.784189633918261 5
16 17 12 0 6.453624998892692 2
8 0 2 0 4.762173934797756 5
3 5 1 0 4.143134726391533 2
2 3 0 0 3.9318256327243257 4
5 3 3 0 4.836281906951478 4
8 5 5 1 4.941642422609304 5
3 0 2 0 4.248495242049359 2
3 1 1 0 4.02535169073515 1
3 0 0 0 3.828641396489095 5
3 0 0 0 3.8066624897703196 4
9 7 2 0 5.365976015021851 3
3 5 5 0 4.770684624465665 1
0 0 0 0 2.4849066497880004 3
2 1 0 1 3.7376696182833684 5
10 13 3 0 5.703782474656201 2
89 32 15 4 7.327123292259293 2
8 4 2 0 5.0238805208462765 3
3 0 0 0 3.2188758248682006 5
1 1 1 0 3.6635616461296463 4
1 1 1 0 3.6635616461296463 5
6 3 1 0 5.332718793265369 4
5 0 0 0 3.9512437185814275 4
4 1 0 0 4.04305126783455 5
1 0 3 0 3.6635616461296463 2
2 2 2 0 4.867534450455582 4
2 1 0 0 3.1780538303479458 3
6 1 0 0 4.356708826689592 5
2 2 0 0 3.091042453358316 5
3 0 0 0 3.9889840465642745 4
6 0 1 2 3.6635616461296463 5
1 2 0 0 4.07753744390572 1
0 1 0 0 3.1354942159291497 4
2 2 1 0 3.9889840465642745 1
3 0 0 0 3.970291913552122 5
5 1 0 0 4.867534450455582 5
3 1 0 0 4.31748811353631 2
1 0 0 0 3.1354942159291497 1
2 0 0 0 3.6635616461296463 5
4 1 2 0 4.007333185232471 2
2 2 0 0 4.04305126783455 4
1 2 1 0 3.2188758248682006 3
4 4 1 0 4.997212273764115 1
3 2 2 0 4.812184355372417 5
1 2 0 0 3.367295829986474 3
2 1 1 0 3.6635616461296463 5
4 3 3 1 4.927253685157205 5
7 4 5 0 5.043425116919247 4
5 3 0 1 4.343805421853684 5
8 3 1 4 4.663439094112067 2
10 7 1 0 5.236441962829949 1
5 0 1 0 4.174387269895637 5
2 1 1 0 3.295836866004329 5
0 2 0 0 3.8918202981106265 1
5 7 3 1 5.056245805348308 1
0 2 1 0 3.9512437185814275 2
13 2 1 0 4.941642422609304 5
2 1 2 4 4.110873864173311 1
4 4 2 0 4.762173934797756 4
2 2 1 0 3.367295829986474 2
2 1 0 0 3.9318256327243257 1
0 2 0 0 3.295836866004329 3
1 0 2 0 3.784189633918261 3
1 1 1 0 3.4965075614664802 4
17 2 2 0 5.407171771460119 5
3 0 1 0 4.2626798770413155 1
3 0 2 0 4.605170185988092 1
9 1 3 0 4.795790545596741 4
2 5 1 0 3.6888794541139363 1
3 0 1 0 3.6109179126442243 3
25 21 10 0 6.410174881966167 3
0 2 0 0 3.258096538021482 3
16 11 9 3 6.244166900663736 3
1 3 3 0 4.574710978503383 3
6 0 0 0 3.1780538303479458 4
0 0 2 1 3.6635616461296463 3
2 2 0 0 3.871201010907891 3
3 4 0 0 4.709530201312334 1
6 2 2 0 4.61512051684126 3
5 0 0 0 3.58351893845611 3
8 6 1 0 5.043425116919247 2
13 6 2 0 5.680172609017068 1
5 1 2 3 4.718498871295094 4
2 1 0 0 4.189654742026425 3
1 1 2 1 3.7612001156935624 1
4 0 0 0 3.9318256327243257 4
3 3 1 2 4.356708826689592 3
7 4 1 0 5.313205979041787 5
4 0 0 0 3.258096538021482 4
1 0 0 1 3.332204510175204 5
5 1 1 0 4.02535169073515 5
2 1 0 0 3.4965075614664802 5
17 12 3 0 6.336825731146441 2
44 17 10 1 6.517671272912275 4
8 0 1 0 4.406719247264253 5
2 0 0 0 3.1780538303479458 5
15 9 4 2 5.303304908059076 5
3 2 1 0 3.4339872044851463 2
1 2 2 1 3.5263605246161616 5
6 3 2 0 4.804021044733257 1
7 5 2 0 4.852030263919617 4
3 0 0 0 3.4339872044851463 5
2 1 0 0 4.04305126783455 2
10 5 2 0 5.384495062789089 2
5 1 4 1 4.941642422609304 1
2 3 2 0 4.48863636973214 4
3 0 0 1 3.713572066704308 5
2 1 0 0 3.912023005428146 2
17 15 7 1 6.021023349349527 2
2 0 0 0 3.1780538303479458 5
1 0 0 0 3.4011973816621555 5
1 3 1 0 3.6635616461296463 4
4 2 1 0 4.143134726391533 4
8 2 6 0 5.488937726156687 1
3 4 5 3 5.135798437050262 2
1 5 1 1 4.290459441148391 1
3 0 0 0 3.5263605246161616 5
4 1 2 2 5.043425116919247 2
2 0 0 0 4.007333185232471 3
6 1 3 0 4.0943445622221 2
0 1 1 0 3.6635616461296463 5
7 3 4 0 5.5093883366279774 2
6 0 1 0 3.4657359027997265 2
0 0 0 0 3.8501476017100584 2
1 7 2 0 4.624972813284271 1
3 4 2 0 4.31748811353631 5
5 0 2 0 4.68213122712422 4
4 0 0 0 3.1780538303479458 4
4 2 1 0 3.970291913552122 5
6 1 1 1 3.7612001156935624 5
6 0 0 0 3.367295829986474 5
6 5 3 0 4.90527477843843 3
2 3 0 0 3.367295829986474 1
5 3 2 0 4.6443908991413725 3
1 2 2 0 3.7376696182833684 3
4 0 0 0 3.9318256327243257 4
1 4 0 0 3.828641396489095 2
2 0 0 0 3.5263605246161616 4
8 5 2 0 5.236441962829949 5
6 3 2 0 4.941642422609304 5
16 3 1 1 5.4680601411351315 5
6 3 2 0 4.553876891600541 3
1 4 1 0 4.48863636973214 1
1 1 1 0 3.6109179126442243 1
3 3 0 0 3.4339872044851463 3
1 3 1 0 3.367295829986474 4
7 0 1 0 3.6109179126442243 3
4 3 3 0 4.248495242049359 2
2 2 2 0 3.7612001156935624 1
59 18 17 4 7.04141166379481 3
2 1 0 0 3.4657359027997265 3
2 2 0 0 3.4965075614664802 5
2 2 1 4 3.4657359027997265 3
4 6 7 0 5.123963979403259 2
5 1 0 0 3.7376696182833684 5
4 3 0 1 4.04305126783455 4
15 5 1 0 5.673323267171493 4
0 2 1 0 4.394449154672439 3
2 1 1 0 3.1354942159291497 2
3 0 2 0 4.219507705176107 5
25 1 6 0 6.068425588244111 3
4 1 0 0 3.091042453358316 5
0 1 0 0 3.4339872044851463 2
11 6 5 1 5.572154032177765 4
2 2 2 0 4.672828834461906 1
3 2 2 0 4.110873864173311 4
2 1 1 0 3.4011973816621555 3
2 1 1 0 4.394449154672439 1
1 1 0 0 3.970291913552122 3
3 0 0 0 3.912023005428146 4
12 5 1 0 5.303304908059076 1
5 0 0 0 3.6635616461296463 5
0 3 1 0 3.713572066704308 3
6 5 0 2 4.574710978503383 1
4 0 0 0 3.912023005428146 4
3 0 0 0 4.30406509320417 5
1 2 3 0 3.6375861597263857 1
3 1 1 0 3.970291913552122 3
3 3 1 0 4.23410650459726 2
20 16 19 11 6.541029999189903 4
1 2 2 0 3.9318256327243257 2
6 2 1 0 4.77912349311153 1
4 0 0 0 3.4965075614664802 5
1 3 0 0 4.48863636973214 3
3 8 1 0 5.209486152841421 1
3 1 2 0 3.9512437185814275 3
4 5 0 0 4.143134726391533 1
13 7 1 1 5.641907070938114 5
7 5 0 0 4.219507705176107 3
3 1 0 1 3.1354942159291497 5
1 0 0 0 3.4965075614664802 3
5 1 0 0 4.770684624465665 3
2 0 1 0 3.871201010907891 5
4 0 3 0 3.8918202981106265 2
2 0 0 0 4.007333185232471 1
2 1 1 1 4.007333185232471 4
3 1 3 0 3.4011973816621555 1
7 0 1 0 3.970291913552122 2
17 7 7 0 5.793013608384144 5
2 1 1 0 4.007333185232471 5
3 5 2 0 5.075173815233827 2
3 1 1 0 5.030437921392435 5
5 1 0 0 4.454347296253507 3
6 1 3 0 4.330733340286331 3
6 2 3 0 4.77912349311153 3
7 10 4 0 5.988961416889864 1
8 1 2 1 4.804021044733257 5
8 2 3 1 5.220355825078324 3
2 0 0 0 4.543294782270004 5
6 0 2 2 4.51085950651685 5
2 0 0 1 3.6888794541139363 5
3 0 0 0 3.258096538021482 4
1 0 2 0 3.6375861597263857 4
3 0 0 0 3.58351893845611 4
12 0 1 0 4.770684624465665 4
2 1 2 0 4.23410650459726 4
1 1 2 0 4.454347296253507 4
2 0 2 0 4.110873864173311 3
4 2 0 5 4.2626798770413155 5
4 2 3 0 5.030437921392435 4
2 0 0 0 3.912023005428146 3
8 5 2 0 4.882801922586371 2
2 1 0 0 3.8918202981106265 5
9 1 1 0 4.927253685157205 4
5 1 0 0 3.258096538021482 5
2 2 2 0 4.465908118654584 5
1 5 2 0 5.459585514144159 3
1 0 0 0 3.8501476017100584 5
5 7 4 0 5.049856007249537 1
14 6 2 0 5.749392985908253 4
0 2 0 0 3.258096538021482 3
2 1 1 0 4.465908118654584 1
1 1 3 0 4.8283137373023015 1
3 0 1 0 4.143134726391533 5
3 0 0 0 3.8066624897703196 5
4 1 0 0 4.189654742026425 5
9 1 3 0 4.584967478670572 2
8 0 4 0 4.74493212836325 4
11 2 1 0 5.049856007249537 4
18 8 3 2 5.926926025970411 2
3 2 1 0 4.248495242049359 5
0 0 0 0 3.091042453358316 2
1 0 0 0 3.1354942159291497 4
13 3 0 0 4.859812404361672 5
3 1 3 0 4.204692619390966 2
5 3 0 0 4.59511985013459 4
4 6 1 1 5.198497031265826 4
12 13 4 0 6.139884552226255 4
3 2 0 3 4.574710978503383 3
5 1 1 0 3.7376696182833684 4
5 2 0 5 4.584967478670572 3
3 3 3 3 4.499809670330265 2
1 1 1 0 3.6888794541139363 4
2 1 1 0 3.5263605246161616 3
16 24 7 0 6.648984550024776 2
15 6 2 0 5.817111159963204 1
3 2 0 0 4.330733340286331 3
3 1 2 0 4.060443010546419 4
25 8 7 0 6.135564891081739 4
1 0 1 0 3.713572066704308 3
5 2 2 0 4.812184355372417 2
8 7 2 2 5.365976015021851 1
5 0 0 0 4.110873864173311 4
2 0 1 0 3.332204510175204 2
5 2 4 0 5.351858133476067 4
1 1 0 0 3.4011973816621555 5
1 2 0 0 3.5553480614894135 2
6 9 3 0 5.616771097666572 1
4 5 1 0 4.7535901911063645 2
7 9 5 0 5.176149732573829 2
3 0 0 0 3.7376696182833684 3
5 2 2 0 4.290459441148391 3
7 1 5 0 4.890349128221754 5
2 0 1 1 3.7376696182833684 2
2 6 1 0 4.672828834461906 4
19 7 9 0 5.948034989180646 2
2 2 0 0 3.970291913552122 5
4 5 1 0 4.532599493153256 4
13 3 2 0 5.187385805840755 4
1 3 0 0 4.248495242049359 1
3 0 0 0 3.2188758248682006 5
3 5 1 0 5.220355825078324 2
2 2 0 0 4.219507705176107 4
6 3 0 1 5.272999558563747 5
2 2 0 0 3.332204510175204 2
1 0 0 0 1.3862943611198906 5
3 0 0 0 3.8918202981106265 5
3 0 0 1 3.4657359027997265 5
4 5 2 0 4.605170185988092 4
2 1 0 0 3.6375861597263857 4
6 5 4 0 4.6443908991413725 4
20 9 6 0 5.799092654460526 2
4 1 0 0 4.060443010546419 3
2 3 0 0 4.564348191467836 3
5 2 3 3 4.736198448394496 4
0 2 0 0 3.295836866004329 1
0 1 0 0 3.7376696182833684 4
1 3 1 7 5.267858159063328 3
5 0 0 0 3.2188758248682006 5
2 1 2 0 4.394449154672439 4
6 15 3 0 5.402677381872279 2
2 2 1 1 3.8066624897703196 3
26 12 10 0 6.493753839851686 4
1 1 1 0 3.1780538303479458 3
21 10 4 0 6.206575926724928 4
2 0 0 0 3.091042453358316 5
9 4 4 2 5.777652323222656 5
3 1 1 0 4.060443010546419 4
2 0 1 0 3.4339872044851463 2
5 1 0 0 3.258096538021482 5
3 1 2 0 3.4339872044851463 3
7 3 4 0 5.159055299214529 3
4 1 2 0 4.1588830833596715 2
18 6 3 0 5.631211781821365 5
4 0 0 2 3.713572066704308 5
14 2 4 0 5.247024072160486 4
5 1 2 0 4.30406509320417 5
2 0 0 0 3.1354942159291497 3
9 4 2 0 5.1298987149230735 3
11 3 4 0 5.278114659230517 2
11 7 5 0 5.71042701737487 4
3 2 2 0 4.418840607796598 2
7 8 1 0 5.062595033026967 1
2 5 2 0 4.430816798843313 3
13 2 2 0 5.6131281063880705 4
8 2 4 0 5.683579767338681 1
3 0 0 1 3.871201010907891 5
11 4 2 0 5.472270673671475 1
1 4 2 0 4.499809670330265 1
4 1 2 0 4.382026634673881 3
9 2 2 0 4.23410650459726 4
2 0 1 0 3.258096538021482 3
1 0 1 0 3.4965075614664802 1
7 9 1 0 5.7430031878094825 1
1 0 0 0 3.295836866004329 4
1 2 0 0 3.332204510175204 3
1 0 1 0 3.367295829986474 5
1 2 1 0 3.784189633918261 1
3 5 2 2 4.990432586778736 1
4 2 0 0 4.3694478524670215 4
3 0 1 0 4.59511985013459 3
4 3 3 0 4.962844630259907 4
3 2 0 1 4.584967478670572 5
3 1 2 0 3.8066624897703196 5
1 4 0 0 3.8066624897703196 2
27 17 8 0 6.326149473155099 3
5 0 1 0 5.176149732573829 3
4 0 1 0 3.367295829986474 5
4 0 2 0 4.844187086458591 5
1 0 0 0 3.258096538021482 4
7 1 3 0 5.0238805208462765 1
4 0 0 0 3.2188758248682006 4
2 3 2 0 4.174387269895637 1
6 1 1 0 4.812184355372417 3
3 7 0 0 4.897839799950911 3
3 3 2 0 4.406719247264253 1
6 3 1 0 4.700480365792417 3
5 6 2 0 4.6913478822291435 3
8 3 1 0 5.099866427824199 3
1 0 0 1 4.0943445622221 4
8 4 1 0 4.709530201312334 3
27 15 11 0 6.661854740545311 3
1 2 1 3 3.58351893845611 2
2 0 0 0 3.1780538303479458 5
4 1 1 0 4.574710978503383 4
2 2 4 0 4.5217885770490405 3
2 0 0 0 3.2188758248682006 5
6 3 3 0 4.795790545596741 2
4 3 1 0 4.718498871295094 1
8 4 1 0 4.948759890378168 3
3 2 0 1 4.605170185988092 5
4 2 1 0 3.9512437185814275 5
4 3 2 0 4.543294782270004 1
2 1 2 0 4.394449154672439 3
5 1 0 0 3.8918202981106265 4
